Arthur Garcia 87.00 86.00 67.00 78.00 79.50
Danile Simmons 80.00 90.00 80.00 90.00 85.00 
Simon Charles 87.00 67.00 67.80 76.00 74.45
Sam Joseph 98.00 78.00 76.00 89.00 85.25
Christian Doe 89.00 67.00 65.00 67.00 72.00
Peter Smith 87.00 67.00 78.00 89.43 80.36
Charlie Steuart 77.67 98.60 45.00 78.00 74.82
Timmy Turner 78.00 78.00 76.00 98.00 82.50
Kris Beckles 65.00 78.00 76.00 34.00 63.25
Nate Davis 90.00 91.00 34.00 87.00 75.50
Tom Harriot 45.54 96.65 39.50 55.60 59.32
Tommy Johnson 76.00 45.45 67.67 56.00 61.28
Tommy Hillia 67.60 67.70 55.60 65.88 64.19
Sammy Tomson 56.00 76.70 78.67 76.60 71.99
Trent Linnen 99.00 54.00 13.00 43.00 52.25
Debbie Suzan 98.00 0.00 56.00 64.00 54.50
Jon O'Brien 76.00 78.00 87.00 77.00 79.50
Terry Samuels 56.00 34.60 55.00 65.00 52.65
stefan choy 92.00 89.00 67.00 88.00 84.00
Kael Vlagh 21.00 12.00 45.00 33.00 27.75
George Perkins 67.00 65.80 90.00 78.00 75.20
Tyler Blue 87.00 54.00 10.00 23.00 43.50